A|51.25|Symbol|Last|Change|Bid|Ask|Volume|Open Int|Symbol|Last|Change|Bid|Ask|Volume|Open Int|
A|51.25|A131116C00022000|N/A| 0.00|27.50|31.30|0|0|22.00|A131116P00022000|0.03| 0.00|N/A|0.03|5|103
A|51.25|A131116C00023000|N/A| 0.00|26.50|30.05|0|0|23.00|A131116P00023000|0.02| 0.00|N/A|0.02|5|123
A|51.25|A131116C00025000|N/A| 0.00|24.50|28.20|0|0|25.00|A131116P00025000|0.14| 0.00|N/A|0.03|5|13
A|51.25|A131116C00026000|16.70| 0.00|23.50|27.25|31|0|26.00|A131116P00026000|0.27| 0.00|N/A|0.02|4|4
A|51.25|A131116C00027000|N/A| 0.00|22.50|26.20|0|0|27.00|A131116P00027000|0.18| 0.00|N/A|0.03|2|2
A|51.25|A131116C00029000|N/A| 0.00|20.50|24.25|0|0|29.00|A131116P00029000|0.47| 0.00|0.01|0.03|12|12
A|51.25|A131116C00030000|N/A| 0.00|19.50|23.05|0|0|30.00|A131116P00030000|0.38| 0.00|0.01|0.03|10|145
A|51.25|A131116C00032000|N/A| 0.00|17.65|20.95|0|0|32.00|A131116P00032000|0.50| 0.00|N/A|0.04|12|43
A|51.25|A131116C00033000|N/A| 0.00|16.65|18.45|0|0|33.00|A131116P00033000|0.05| 0.00|N/A|0.04|11|18
A|51.25|A131116C00034000|N/A| 0.00|16.15|17.75|0|0|34.00|A131116P00034000|0.10| 0.00|N/A|0.04|330|341
A|51.25|A131116C00035000|9.60| 0.00|15.75|16.70|3|3|35.00|A131116P00035000|0.25| 0.00|N/A|0.05|41|375
A|51.25|A131116C00036000|N/A| 0.00|14.75|15.70|0|0|36.00|A131116P00036000|0.31| 0.00|N/A|0.07|50|77
A|51.25|A131116C00037000|7.00| 0.00|13.75|14.75|1|0|37.00|A131116P00037000|0.15| 0.00|0.01|0.10|18|148
A|51.25|A131116C00038000|5.55| 0.00|12.85|13.75|31|0|38.00|A131116P00038000|0.26| 0.00|0.02|0.09|2|88
A|51.25|A131116C00039000|8.25| 0.00|11.65|12.75|1|0|39.00|A131116P00039000|0.15| 0.00|0.03|0.11|10|10,060
A|51.25|A131116C00040000|11.80| 0.00|11.30|11.40|20|50|40.00|A131116P00040000|0.14| 0.00|0.05|0.12|51|504
A|51.25|A131116C00041000|10.65| 0.00|10.30|10.45|3|7|41.00|A131116P00041000|0.10| 0.00|0.09|0.13|41|2,456
A|51.25|A131116C00042000|5.65| 0.00|9.00|9.55|20|67|42.00|A131116P00042000|0.17| 0.00|0.11|0.15|5|315
A|51.25|A131116C00043000|8.65| 0.00|8.35|8.50|24|281|43.00|A131116P00043000|0.13| 0.00|0.14|0.18|12|3,476
A|51.25|A131116C00044000|7.96| 0.00|7.45|7.55|3|952|44.00|A131116P00044000|0.22|0.04|0.20|0.23|5|940
A|51.25|A131116C00045000|7.01| 0.00|6.45|6.80|10|771|45.00|A131116P00045000|0.25| 0.00|0.27|0.30|12|430
A|51.25|A131116C00046000|6.00| 0.00|5.60|5.75|1|884|46.00|A131116P00046000|0.42|0.09|0.37|0.40|61|2,497
A|51.25|A131116C00047000|4.93| 0.00|4.75|4.85|40|4,991|47.00|A131116P00047000|0.51|0.03|0.50|0.54|140|2,044
A|51.25|A131116C00048000|4.45| 0.00|3.95|4.05|2|5,892|48.00|A131116P00048000|0.78|0.16|0.69|0.73|65|1,521
A|51.25|A131116C00049000|3.70| 0.00|3.20|3.30|14|853|49.00|A131116P00049000|1.00|0.15|0.95|0.98|14|182
A|51.25|A131116C00050000|2.54|0.25|2.56|2.61|33|4,318|50.00|A131116P00050000|1.36|0.24|1.27|1.31|31|1,235
A|51.25|A131116C00052500|1.31|0.14|1.27|1.31|273|5,113|52.50|A131116P00052500|2.36|0.09|2.48|2.54|15|438
A|51.25|A131116C00055000|0.60|0.11|0.53|0.56|25|1,249|55.00|A131116P00055000|3.80| 0.00|4.20|4.35|2|91
A|51.25|A131116C00057500|0.24| 0.00|0.20|0.22|21|3,037|57.50|A131116P00057500|N/A| 0.00|6.05|6.85|0|0
A|51.25|A131116C00060000|0.18| 0.00|0.04|0.14|10|82|60.00|A131116P00060000|N/A| 0.00|8.40|9.20|0|0
A|51.25|A131116C00065000|0.11| 0.00|N/A|0.04|15|20|65.00|A131116P00065000|N/A| 0.00|12.85|14.85|0|0
A|51.25|Symbol|Last|Change|Bid|Ask|Volume|Open Int|Symbol|Last|Change|Bid|Ask|Volume|Open Int|
A|51.25|A131116C00022000|N/A| 0.00|27.50|31.30|0|0|22.00|A131116P00022000|0.03| 0.00|N/A|0.03|5|103
A|51.25|A131116C00023000|N/A| 0.00|26.50|30.05|0|0|23.00|A131116P00023000|0.02| 0.00|N/A|0.02|5|123
A|51.25|A131116C00025000|N/A| 0.00|24.50|28.20|0|0|25.00|A131116P00025000|0.14| 0.00|N/A|0.03|5|13
A|51.25|A131116C00026000|16.70| 0.00|23.50|27.25|31|0|26.00|A131116P00026000|0.27| 0.00|N/A|0.02|4|4
A|51.25|A131116C00027000|N/A| 0.00|22.50|26.20|0|0|27.00|A131116P00027000|0.18| 0.00|N/A|0.03|2|2
A|51.25|A131116C00029000|N/A| 0.00|20.50|24.25|0|0|29.00|A131116P00029000|0.47| 0.00|0.01|0.03|12|12
A|51.25|A131116C00030000|N/A| 0.00|19.50|23.05|0|0|30.00|A131116P00030000|0.38| 0.00|0.01|0.03|10|145
A|51.25|A131116C00032000|N/A| 0.00|17.65|20.95|0|0|32.00|A131116P00032000|0.50| 0.00|N/A|0.04|12|43
A|51.25|A131116C00033000|N/A| 0.00|16.65|18.45|0|0|33.00|A131116P00033000|0.05| 0.00|N/A|0.04|11|18
A|51.25|A131116C00034000|N/A| 0.00|16.15|17.75|0|0|34.00|A131116P00034000|0.10| 0.00|N/A|0.04|330|341
A|51.25|A131116C00035000|9.60| 0.00|15.75|16.70|3|3|35.00|A131116P00035000|0.25| 0.00|N/A|0.05|41|375
A|51.25|A131116C00036000|N/A| 0.00|14.75|15.70|0|0|36.00|A131116P00036000|0.31| 0.00|N/A|0.07|50|77
A|51.25|A131116C00037000|7.00| 0.00|13.75|14.75|1|0|37.00|A131116P00037000|0.15| 0.00|0.01|0.10|18|148
A|51.25|A131116C00038000|5.55| 0.00|12.85|13.75|31|0|38.00|A131116P00038000|0.26| 0.00|0.02|0.09|2|88
A|51.25|A131116C00039000|8.25| 0.00|11.65|12.75|1|0|39.00|A131116P00039000|0.15| 0.00|0.03|0.11|10|10,060
A|51.25|A131116C00040000|11.80| 0.00|11.30|11.40|20|50|40.00|A131116P00040000|0.14| 0.00|0.05|0.12|51|504
A|51.25|A131116C00041000|10.65| 0.00|10.30|10.45|3|7|41.00|A131116P00041000|0.10| 0.00|0.09|0.13|41|2,456
A|51.25|A131116C00042000|5.65| 0.00|9.00|9.55|20|67|42.00|A131116P00042000|0.17| 0.00|0.11|0.15|5|315
A|51.25|A131116C00043000|8.65| 0.00|8.35|8.50|24|281|43.00|A131116P00043000|0.13| 0.00|0.14|0.18|12|3,476
A|51.25|A131116C00044000|7.96| 0.00|7.45|7.55|3|952|44.00|A131116P00044000|0.22|0.04|0.20|0.23|5|940
A|51.25|A131116C00045000|7.01| 0.00|6.45|6.80|10|771|45.00|A131116P00045000|0.25| 0.00|0.27|0.30|12|430
A|51.25|A131116C00046000|6.00| 0.00|5.60|5.75|1|884|46.00|A131116P00046000|0.42|0.09|0.37|0.40|61|2,497
A|51.25|A131116C00047000|4.93| 0.00|4.75|4.85|40|4,991|47.00|A131116P00047000|0.51|0.03|0.50|0.54|140|2,044
A|51.25|A131116C00048000|4.45| 0.00|3.95|4.05|2|5,892|48.00|A131116P00048000|0.78|0.16|0.69|0.73|65|1,521
A|51.25|A131116C00049000|3.70| 0.00|3.20|3.30|14|853|49.00|A131116P00049000|1.00|0.15|0.95|0.98|14|182
A|51.25|A131116C00050000|2.54|0.25|2.56|2.61|33|4,318|50.00|A131116P00050000|1.36|0.24|1.27|1.31|31|1,235
A|51.25|A131116C00052500|1.31|0.14|1.27|1.31|273|5,113|52.50|A131116P00052500|2.36|0.09|2.48|2.54|15|438
A|51.25|A131116C00055000|0.60|0.11|0.53|0.56|25|1,249|55.00|A131116P00055000|3.80| 0.00|4.20|4.35|2|91
A|51.25|A131116C00057500|0.24| 0.00|0.20|0.22|21|3,037|57.50|A131116P00057500|N/A| 0.00|6.05|6.85|0|0
A|51.25|A131116C00060000|0.18| 0.00|0.04|0.14|10|82|60.00|A131116P00060000|N/A| 0.00|8.40|9.20|0|0
A|51.25|A131116C00065000|0.11| 0.00|N/A|0.04|15|20|65.00|A131116P00065000|N/A| 0.00|12.85|14.85|0|0
AA|8.12|Symbol|Last|Change|Bid|Ask|Volume|Open Int|Symbol|Last|Change|Bid|Ask|Volume|Open Int|
AA|8.12|AA131116C00004000|3.90| 0.00|4.05|4.15|4|4|4.00|AA131116P00004000|N/A| 0.00|N/A|0.01|0|0
AA|8.12|AA131116C00005000|3.04| 0.00|3.05|3.15|3|193|5.00|AA131116P00005000|N/A| 0.00|N/A|0.01|0|0
AA|8.12|AA131116C00006000|2.15|0.06|2.11|2.14|6|645|6.00|AA131116P00006000|0.01|0.01|N/A|0.02|5|39
AA|8.12|AA131116C00007000|1.10|0.11|1.14|1.16|10|7,710|7.00|AA131116P00007000|0.04| 0.00|0.03|0.05|5|3,659
AA|8.12|AA131116C00008000|0.33|0.07|0.33|0.34|1,170|7,362|8.00|AA131116P00008000|0.24|0.03|0.23|0.25|3,002|7,673
AA|8.12|AA131116C00009000|0.07|0.01|0.06|0.08|508|16,960|9.00|AA131116P00009000|0.99|0.10|0.96|0.99|290|4,368
AA|8.12|AA131116C00010000|0.02|0.01|0.02|0.03|1|13,269|10.00|AA131116P00010000|1.76| 0.00|1.91|1.94|250|1,373
AA|8.12|AA131116C00011000|0.02| 0.00|N/A|0.02|10|10|11.00|AA131116P00011000|2.77| 0.00|2.91|2.93|131|574
AA|8.12|AA131116C00012000|N/A| 0.00|N/A|0.02|0|0|12.00|AA131116P00012000|3.75| 0.00|3.90|3.95|61|429
AA|8.12|AA131116C00013000|0.01| 0.00|N/A|0.02|66|66|13.00|AA131116P00013000|N/A| 0.00|4.85|4.95|0|0
AA|8.12|AA131116C00014000|0.01| 0.00|N/A|0.02|44|44|14.00|AA131116P00014000|N/A| 0.00|5.85|5.95|0|0
AACAY|45.74|Symbol|Last|Change|Bid|Ask|Volume|Open Int|Symbol|Last|Change|Bid|Ask|Volume|Open Int|
AAGLF|3.15|Symbol|Last|Change|Bid|Ask|Volume|Open Int|Symbol|Last|Change|Bid|Ask|Volume|Open Int|
AAMRQ|4.11|Symbol|Last|Change|Bid|Ask|Volume|Open Int|Symbol|Last|Change|Bid|Ask|Volume|Open Int|
AAN|27.70|Symbol|Last|Change|Bid|Ask|Volume|Open Int|Symbol|Last|Change|Bid|Ask|Volume|Open Int|
AAN|27.70|AAN131116C00022500|N/A| 0.00|4.70|5.50|0|0|22.50|AAN131116P00022500|0.25| 0.00|N/A|0.40|6|13
AAN|27.70|AAN131116C00025000|2.10| 0.00|2.50|3.30|3|4|25.00|AAN131116P00025000|0.50| 0.00|0.25|0.80|15|137
AAN|27.70|AAN131116C00030000|0.45| 0.00|0.15|0.40|1|562|30.00|AAN131116P00030000|2.75| 0.00|2.35|3.20|2|22
AAN|27.70|AAN131116C00035000|0.25| 0.00|N/A|0.20|20|38|35.00|AAN131116P00035000|N/A| 0.00|7.10|7.80|0|0
AAON|26.56|Symbol|Last|Change|Bid|Ask|Volume|Open Int|Symbol|Last|Change|Bid|Ask|Volume|Open Int|
AAP|82.68|Symbol|Last|Change|Bid|Ask|Volume|Open Int|Symbol|Last|Change|Bid|Ask|Volume|Open Int|
AAP|82.68|AAP131116C00075000|5.95| 0.00|8.30|8.60|1|1|75.00|AAP131116P00075000|1.05| 0.00|0.60|0.70|35|31
AAP|82.68|AAP131116C00080000|4.30| 0.00|4.50|4.70|4|12|80.00|AAP131116P00080000|1.90|0.25|1.75|1.90|4|375
AAP|82.68|AAP131116C00085000|2.00|0.01|1.90|2.10|149|170|85.00|AAP131116P00085000|N/A| 0.00|4.10|4.40|0|0
